10
1000
1003
1004
1005
1007
1008
101
1017
1019
102
1020
1022
1023
1024
1028
103
1030
1032
1033
1034
104
1040
1042
1044
1045
1046
1048
105
1050
1052
1055
106
1061
1064
1065
107
1076
1077
1079
108
1080
1082
1083
1086
1087
1088
1089
1090
1091
1092
1097
1099
11
110
1100
1101
1102
1104
1107
1109
1115
1116
1120
1122
1123
1132
1133
1139
1142
1143
1146
1150
1155
1156
1157
116
117
1170
1172
1173
1174
1175
1177
1178
1179
1183
1184
1185
1186
1188
119
1190
1191
1192
1195
1197
1198
1199
12
1200
1201
1204
1206
121
1211
1215
1218
1220
1222
1225
1226
1227
1229
1231
1236
124
1240
1245
1247
1251
1256
1257
1259
1260
1261
1264
1265
127
1271
1275
1276
1277
1278
1279
1280
1281
1282
1284
1285
1289
1295
1296
13
1300
1301
1302
1304
1305
1308
1309
1312
1315
1316
1317
1318
1319
132
1320
1321
1322
1323
1325
1326
1327
1328
1329
133
1330
1331
1333
1335
1338
134
1342
1346
1347
135
1353
1356
1357
1358
136
1361
1363
1364
1365
1366
1368
1369
137
1371
1372
1373
1376
1377
1378
1382
1384
1385
1386
1387
1388
1389
1390
1391
1399
1401
1407
1408
141
1411
1415
1416
1417
1418
1419
1420
1423
1424
1426
1429
143
1430
1434
1435
1436
1437
1438
1439
144
1441
1442
1443
1446
145
146
1460
1461
1462
1463
1477
1478
1479
148
1485
1489
149
1490
1492
1495
1496
1497
1499
1503
1505
1506
1515
1516
1520
1523
1525
1526
1530
1533
1535
1536
1537
1538
1539
1540
1541
1542
1545
1546
1550
1552
1559
1561
1562
1563
1573
1576
1577
1578
1580
1588
1589
1593
1594
1595
1596
1599
1603
1604
1616
1618
1619
1620
1621
1627
1628
1631
1634
1635
1637
1642
1643
1645
1646
1648
1653
1654
1655
1657
1658
1662
1665
167
1670
1678
1679
168
1680
170
1704
1706
1708
1709
1711
1712
1715
1716
1717
1718
172
1720
1722
1724
1726
1727
1730
1732
1741
1742
1743
1745
1747
175
1754
1761
1762
1771
1772
1774
1775
1778
178
1781
1783
1785
1788
1789
179
1791
1792
1794
1799
180
1803
1805
1807
1808
1809
1810
1811
1814
1816
1818
182
1824
1826
1833
184
1845
1849
1854
1855
1857
1858
186
1860
1861
1863
1864
1866
1868
1870
1874
1878
188
1880
1883
1884
1885
189
1890
1894
1896
1897
1898
19
190
1901
1902
1904
1905
1906
1908
1909
1911
1912
1915
192
1923
1924
1925
1927
1929
1930
1933
1934
1935
1936
1937
1938
1939
194
1940
1941
1942
1943
1947
1949
1950
1951
1953
1955
1957
1958
196
1962
1965
1967
1968
1970
1971
1973
1977
1978
198
1980
1981
1986
1989
1990
1992
1993
1994
1997
1998
2
200
2001
2004
2010
2013
2015
2016
2017
2020
2021
2022
2023
2025
2026
2027
2028
2032
2034
2037
2038
2039
2042
2043
205
2053
2054
2055
2056
207
2077
2079
2081
2082
2083
2085
2089
209
2090
2093
210
2100
2101
2102
2104
2105
2106
211
2110
2111
2113
2114
2115
2117
2118
2119
212
2123
2124
2125
2126
2127
213
2130
2131
2132
2134
2135
2136
2137
2139
2141
2142
2143
2144
2145
2146
215
2150
2152
2153
2154
2155
2158
2160
2162
2164
2173
2174
2175
2177
2178
2180
2182
2188
2190
2191
2192
2193
2195
2196
2199
2202
2203
2204
2205
2208
2209
2210
2214
2215
2216
2218
2221
2225
2227
2228
2229
2231
2232
2233
2234
2237
2240
2248
2249
2250
2253
2255
2256
2258
2259
2264
2267
2268
2273
2274
2275
2308
2310
2311
2312
2313
2314
2315
2320
2322
2324
2325
2327
2330
2331
2334
2336
2337
2338
2340
2343
2344
2346
2348
2350
2351
2353
2354
2357
236
2361
2363
2365
2366
2368
237
2371
2372
2374
2378
238
2380
2381
2382
2383
2385
2386
2388
2389
2390
2391
2392
2393
2394
2395
2397
2399
24
240
2400
2402
2403
2407
2408
2413
2414
2417
2418
242
2420
2421
2422
2423
2425
2426
2427
2428
2429
2431
2433
2434
2436
2437
2440
2444
2448
2449
2450
2452
2456
2458
2460
2461
2462
2464
2465
2467
2468
2469
2473
2475
2477
2482
2483
2485
2486
2487
2488
2492
2494
2495
2496
2497
25
2500
2501
2502
2503
2504
2526
2549
2551
2552
2556
2557
2558
2559
2561
2562
2564
2565
2566
2570
2573
2574
2575
2577
2578
2580
2581
2582
2583
2585
2587
2588
2589
2592
2595
2597
2599
2600
2601
2602
2604
2605
2608
2609
2610
2611
2612
2613
2616
2617
2620
2629
2630
2632
2634
2636
2638
2643
2645
2647
2649
2650
2651
2652
2654
2656
2657
2658
2659
2660
2663
2669
2670
2671
2672
2673
2674
2675
2677
2678
2679
2680
2683
2685
2686
2687
2688
2689
2690
2695
2696
2697
27
2700
2703
2704
2706
2709
2712
2713
2727
275
2751
2752
2757
2759
2761
2762
2763
2764
277
2770
2772
2773
2776
2777
2779
2780
2782
2783
2785
2787
2788
2789
2791
2792
2797
2806
2807
2808
2809
2811
2812
2817
2818
2819
2820
2821
2823
2827
2831
2833
2836
2837
2852
2857
2858
286
2865
2871
2872
2873
2874
2876
2877
2880
2882
2886
2888
2889
2891
2899
29
2900
2902
2903
2904
2907
2909
2910
2911
2915
2916
2918
2921
2922
2924
2925
2926
2927
2928
2932
2935
2936
2937
2938
2940
2943
2944
2946
2947
2948
295
2951
2952
2953
2954
2955
2958
2959
2967
2969
2975
2978
2979
2990
2991
2997
2998
30
3002
3018
302
303
3033
3034
3037
304
3048
3049
3050
3052
3058
306
3062
3064
3069
3071
3080
3081
3083
309
3090
3095
3098
3099
31
3100
3101
3102
3110
3111
3117
3121
3125
3127
3128
313
3132
3135
3136
3137
3138
3139
314
3141
3145
315
3150
316
3164
3165
3166
3167
3168
317
3170
3171
3173
3175
3176
318
3192
3193
3195
32
3201
3202
3204
3205
3208
3209
3210
3212
3214
3216
322
3220
3223
3224
3225
3239
3243
3245
3247
3249
3250
3251
3257
3258
3259
326
3260
3262
3264
3266
3273
3277
3278
3279
328
3280
329
3297
33
3306
3307
3309
332
3322
3329
333
3339
334
3347
336
3365
3371
3372
3373
338
3380
3388
339
3394
3397
3398
34
340
3401
3405
3407
3408
3410
3412
3413
3414
3415
3416
3421
3424
3425
3431
3433
3443
3446
3447
3449
345
3460
3465
3466
3467
3474
3504
3506
3511
3514
352
3531
3532
354
3540
3545
3546
355
3551
3552
3554
3560
3566
3567
357
3572
3576
3578
358
3580
3582
3586
3587
3589
359
3590
3591
3592
3594
36
360
3601
3607
3610
3619
362
3620
3621
3625
3629
3630
3633
3638
3640
3644
3645
3646
3648
3649
3650
3651
3652
3653
3654
3656
3657
366
3660
3661
3665
3666
3667
367
3671
3676
3678
368
3688
369
3692
3694
3697
3698
3699
37
370
3700
3701
3703
3704
3707
3709
3710
3717
3723
3738
3739
374
3759
376
377
3778
3779
3780
3782
3783
3784
379
3790
3793
3794
3795
3797
3799
380
3801
3802
3803
3804
3805
381
3812
382
383
384
3844
3845
385
3850
3851
3855
3856
3859
3862
3866
3870
3874
3877
3879
388
3880
3881
3888
389
3893
3896
3898
390
3900
3901
3902
3904
391
3911
3913
3914
3915
3916
392
3920
3921
3923
3931
3937
3940
3941
3947
396
397
3979
3980
3981
3985
3987
399
3999
4000
4003
401
4010
4014
4018
4021
4023
403
4036
4037
4038
404
4040
4041
4042
4043
4044
4045
4051
4053
4058
406
4060
4061
4062
4066
407
4075
4076
4079
408
4083
4084
4087
409
4091
4094
4098
410
4119
412
4120
4121
4122
4123
4125
413
414
415
422
424
425
427
43
430
431
432
433
434
437
438
440
441
442
447
448
449
45
450
451
453
456
459
463
464
466
467
468
469
47
470
471
473
474
476
481
485
486
488
489
490
491
492
494
496
503
506
510
513
518
519
520
521
522
523
524
525
528
531
536
537
538
540
542
543
545
546
547
548
550
551
556
558
559
56
560
565
566
568
57
570
572
577
578
579
58
583
584
586
589
59
594
595
596
597
599
60
600
603
604
607
608
609
611
612
614
616
617
618
619
621
624
625
626
627
628
63
630
632
635
637
639
640
642
643
644
645
646
648
651
652
653
655
656
663
664
665
666
667
670
671
673
674
677
678
680
683
684
685
686
687
688
690
694
695
696
697
699
7
700
701
703
704
705
706
708
709
712
713
716
718
72
721
722
725
729
73
730
732
733
735
739
740
741
742
744
745
746
749
752
756
758
759
760
762
763
764
765
776
778
780
783
784
786
787
789
790
791
797
798
800
801
802
804
806
807
808
809
810
811
812
813
816
818
819
82
821
824
829
83
831
832
833
835
836
837
840
842
845
846
847
85
851
852
853
854
855
856
858
859
861
862
865
866
872
878
881
889
890
891
893
896
898
9
901
902
903
905
906
908
91
910
912
913
914
916
919
923
924
925
926
927
931
932
933
935
939
942
943
944
945
946
947
95
952
956
958
959
96
960
961
964
965
967
968
969
973
976
977
978
979
98
984
985
986
987
99
990
991
992
993
994
995
998
999
